0 -0.09005 -0.1608 -0.21405 -0.2528 -0.28125 -0.3048 -0.33005 -0.3648 -0.41805 -0.5 
-0.08 -0.170567 -0.24294 -0.299036 -0.341982 -0.376122 -0.407012 -0.441425 -0.487354 -0.55401 -0.651828 
-0.12 -0.211084 -0.285081 -0.344022 -0.391165 -0.430994 -0.469224 -0.512801 -0.569908 -0.649971 -0.763656 
-0.12 -0.211601 -0.287221 -0.349008 -0.400347 -0.445866 -0.491436 -0.544176 -0.612462 -0.705931 -0.835485 
-0.08 -0.172118 -0.249361 -0.313994 -0.36953 -0.420739 -0.473648 -0.535551 -0.615016 -0.721891 -0.867313 
0 -0.0926355 -0.171501 -0.238979 -0.298712 -0.355611 -0.415859 -0.486926 -0.57757 -0.697852 -0.859141 
0.12 0.0268474 -0.0536417 -0.123965 -0.187895 -0.250483 -0.318071 -0.398302 -0.500125 -0.633812 -0.810969 
0.28 0.18633 0.104218 0.0310488 -0.0370773 -0.105355 -0.180283 -0.269677 -0.382679 -0.529772 -0.722797 
0.48 0.385813 0.302078 0.226063 0.15374 0.079773 -0.00249504 -0.101052 -0.225233 -0.385732 -0.594625 
0.72 0.625296 0.539938 0.461077 0.384558 0.304901 0.215293 0.107573 -0.0277868 -0.201693 -0.426454 
1 0.904779 0.817797 0.736091 0.655375 0.570029 0.473081 0.356197 0.209659 0.0223469 -0.218282 
