0 -0.09005 -0.1608 -0.21405 -0.2528 -0.28125 -0.3048 -0.33005 -0.3648 -0.41805 -0.5 
-0.08 -0.158163 -0.241768 -0.36783 -0.758121 -2.50244 -10.9506 -52.4136 -256.364 -1260.01 -0.651828 
-0.12 -0.206145 -0.360929 -0.803748 -2.51883 -9.63751 -38.9426 -155.596 -594.547 -2090.15 -0.763656 
-0.12 -0.263624 -0.631668 -1.88765 -6.56718 -23.9257 -85.9507 -294.876 -939.031 -2659.65 -0.835485 
-0.08 -0.380853 -1.21895 -4.06042 -13.8545 -46.5759 -150.222 -454.842 -1259.46 -3065.52 -0.867313 
0 -0.627776 -2.3242 -7.76882 -25.0913 -77.8094 -228.401 -623.558 -1546.19 -3365.04 -0.859141 
0.12 -1.08926 -4.16376 -13.4075 -40.6873 -117.112 -316.755 -792.883 -1798.51 -3592.98 -0.810969 
0.28 -1.85794 -6.94721 -21.2815 -60.7641 -163.52 -411.824 -957.728 -2019.26 -3771.11 -0.722797 
0.48 -3.02634 -10.8593 -31.5903 -85.2046 -215.856 -510.704 -1115.19 -2212.34 -3913.46 -0.594625 
0.72 -4.67967 -16.0474 -44.4273 -113.717 -272.896 -611.1 -1263.8 -2381.66 -4029.36 -0.426454 
1 -6.89009 -22.6153 -59.7905 -145.897 -333.477 -711.279 -1403.03 -2530.74 -4125.16 -0.218282 
